 #sec   #it    #|V(G)|    #|E(G)|   #|V(Gk)|   #|E(Gk)|       #LOW_B(k)      #LOW_B(kk)       #MQLIB(G)      #MQLIB(Gk)   #locsearch(G)  #locsearch(Gk)   #locsearch_ext(Gk)   #locsearch_ext+MQLIB_OFF(Gk)     #EE(G)    #EE(Gk)       #+kk                                                        #file 
    1     1       1024       1023          0          0          247.75          255.75            1015               0             952               0                 1023                           1023     767.25      -0.25      255.5                                 ../data/KaGen-2/ba_1024/md01 
    1     2       1024       1023          0          0          243.75          255.75            1011               0             956               0                 1023                           1023     767.25      -0.25      255.5                                 ../data/KaGen-2/ba_1024/md01 
    1     3       1024       1023          0          0          246.75          255.75            1014               0             948               0                 1023                           1023     767.25      -0.25      255.5                                 ../data/KaGen-2/ba_1024/md01 
    1     4       1024       1023          0          0          245.75          255.75            1013               0             954               0                 1023                           1023     767.25      -0.25      255.5                                 ../data/KaGen-2/ba_1024/md01 
    1     5       1024       1023          0          0          245.75          255.75            1013               0             936               0                 1023                           1023     767.25      -0.25      255.5                                 ../data/KaGen-2/ba_1024/md01 
    2     1       1024       2028       1013       2035          430.25          429.25            1700            1697            1534            1519                 1521                           1699    1269.75     1270.5       2.75                                 ../data/KaGen-2/ba_1024/md02 
    2     2       1024       2028       1013       2035          425.25          430.25            1695            1698            1555            1532                 1534                           1700    1269.75     1270.5       2.75                                 ../data/KaGen-2/ba_1024/md02 
    2     3       1024       2028       1013       2035          426.25          425.25            1696            1693            1516            1547                 1549                           1695    1269.75     1270.5       2.75                                 ../data/KaGen-2/ba_1024/md02 
    2     4       1024       2028       1013       2035          422.25          423.25            1692            1691            1526            1560                 1562                           1693    1269.75     1270.5       2.75                                 ../data/KaGen-2/ba_1024/md02 
    2     5       1024       2028       1013       2035          421.25          429.25            1691            1697            1552            1540                 1542                           1699    1269.75     1270.5       2.75                                 ../data/KaGen-2/ba_1024/md02 
    3     1       1024       3026       1023       3023          595.25          604.25            2364            2371            2200            2185                 2187                           2373    1768.75       1767       0.25                                 ../data/KaGen-2/ba_1024/md03 
    3     2       1024       3026       1023       3023          598.25          599.25            2367            2366            2238            2225                 2227                           2368    1768.75       1767       0.25                                 ../data/KaGen-2/ba_1024/md03 
    3     3       1024       3026       1023       3023          601.25          591.25            2370            2358            2232            2200                 2202                           2360    1768.75       1767       0.25                                 ../data/KaGen-2/ba_1024/md03 
    3     4       1024       3026       1023       3023          598.25          609.25            2367            2376            2188            2222                 2224                           2378    1768.75       1767       0.25                                 ../data/KaGen-2/ba_1024/md03 
    3     5       1024       3026       1023       3023          602.25          602.25            2371            2369            2190            2244                 2246                           2371    1768.75       1767       0.25                                 ../data/KaGen-2/ba_1024/md03 
    4     1       1024       4022       1024       4022          718.25          724.25            2985            2991            2769            2818                 2818                           2991    2266.75    2266.75         -0                                 ../data/KaGen-2/ba_1024/md04 
    4     2       1024       4022       1024       4022          730.25          718.25            2997            2985            2822            2781                 2781                           2985    2266.75    2266.75         -0                                 ../data/KaGen-2/ba_1024/md04 
    4     3       1024       4022       1024       4022          725.25          724.25            2992            2991            2772            2812                 2812                           2991    2266.75    2266.75         -0                                 ../data/KaGen-2/ba_1024/md04 
    4     4       1024       4022       1024       4022          723.25          726.25            2990            2993            2805            2781                 2781                           2993    2266.75    2266.75         -0                                 ../data/KaGen-2/ba_1024/md04 
    4     5       1024       4022       1024       4022          718.25          725.25            2985            2992            2786            2802                 2802                           2992    2266.75    2266.75         -0                                 ../data/KaGen-2/ba_1024/md04 
    5     1       1024       4988       1024       4988          850.25          851.25            3600            3601            3393            3411                 3411                           3601    2749.75    2749.75         -0                                 ../data/KaGen-2/ba_1024/md05 
    5     2       1024       4988       1024       4988          853.25          849.25            3603            3599            3380            3406                 3406                           3599    2749.75    2749.75         -0                                 ../data/KaGen-2/ba_1024/md05 
    5     3       1024       4988       1024       4988          853.25          858.25            3603            3608            3396            3427                 3427                           3608    2749.75    2749.75         -0                                 ../data/KaGen-2/ba_1024/md05 
    5     4       1024       4988       1024       4988          850.25          852.25            3600            3602            3395            3385                 3385                           3602    2749.75    2749.75         -0                                 ../data/KaGen-2/ba_1024/md05 
    5     5       1024       4988       1024       4988          853.25          852.25            3603            3602            3425            3422                 3422                           3602    2749.75    2749.75         -0                                 ../data/KaGen-2/ba_1024/md05 
    6     1       1024       5973       1024       5973          943.75          949.75            4186            4192            3969            3986                 3986                           4192    3242.25    3242.25         -0                                 ../data/KaGen-2/ba_1024/md06 
    6     2       1024       5973       1024       5973          957.75          939.75            4200            4182            3998            3991                 3991                           4182    3242.25    3242.25         -0                                 ../data/KaGen-2/ba_1024/md06 
    6     3       1024       5973       1024       5973          956.75          947.75            4199            4190            3965            3923                 3923                           4190    3242.25    3242.25         -0                                 ../data/KaGen-2/ba_1024/md06 
    6     4       1024       5973       1024       5973          943.75          945.75            4186            4188            4013            3954                 3954                           4188    3242.25    3242.25         -0                                 ../data/KaGen-2/ba_1024/md06 
    6     5       1024       5973       1024       5973          948.75          948.75            4191            4191            3995            3994                 3994                           4191    3242.25    3242.25         -0                                 ../data/KaGen-2/ba_1024/md06 
    7     1       1024       6924       1024       6924         1050.25         1045.25            4768            4763            4563            4579                 4579                           4763    3717.75    3717.75         -0                                 ../data/KaGen-2/ba_1024/md07 
    7     2       1024       6924       1024       6924         1043.25         1056.25            4761            4774            4565            4579                 4579                           4774    3717.75    3717.75         -0                                 ../data/KaGen-2/ba_1024/md07 
    7     3       1024       6924       1024       6924         1046.25         1056.25            4764            4774            4527            4550                 4550                           4774    3717.75    3717.75         -0                                 ../data/KaGen-2/ba_1024/md07 
    7     4       1024       6924       1024       6924         1051.25         1043.25            4769            4761            4546            4555                 4555                           4761    3717.75    3717.75         -0                                 ../data/KaGen-2/ba_1024/md07 
    7     5       1024       6924       1024       6924         1051.25         1039.25            4769            4757            4506            4592                 4592                           4757    3717.75    3717.75         -0                                 ../data/KaGen-2/ba_1024/md07 
    8     1       1024       7873       1024       7873         1143.75         1151.75            5336            5344            5062            5092                 5092                           5344    4192.25    4192.25         -0                                 ../data/KaGen-2/ba_1024/md08 
    8     2       1024       7873       1024       7873         1144.75         1143.75            5337            5336            5098            5085                 5085                           5336    4192.25    4192.25         -0                                 ../data/KaGen-2/ba_1024/md08 
    8     3       1024       7873       1024       7873         1139.75         1144.75            5332            5337            5099            5118                 5118                           5337    4192.25    4192.25         -0                                 ../data/KaGen-2/ba_1024/md08 
    8     4       1024       7873       1024       7873         1152.75         1133.75            5345            5326            5042            5096                 5096                           5326    4192.25    4192.25         -0                                 ../data/KaGen-2/ba_1024/md08 
    8     5       1024       7873       1024       7873         1144.75         1136.75            5337            5329            5098            5087                 5087                           5329    4192.25    4192.25         -0                                 ../data/KaGen-2/ba_1024/md08 
