 #sec   #it    #|V(G)|    #|E(G)|   #|V(Gk)|   #|E(Gk)|       #LOW_B(k)      #LOW_B(kk)       #MQLIB(G)      #MQLIB(Gk)   #locsearch(G)  #locsearch(Gk)   #locsearch_ext(Gk)   #locsearch_ext+MQLIB_OFF(Gk)     #EE(G)    #EE(Gk)       #+kk                                                        #file 
    1     1       1024          2       1020          0             0.5             0.5               2               0               2               0                    2                              2        1.5       -0.5         -0          ../data/KaGen-2/gnm_undirected_1024/n10_m01_seed123 
    1     2       1024          2       1020          0             0.5             0.5               2               0               2               0                    2                              2        1.5       -0.5         -0          ../data/KaGen-2/gnm_undirected_1024/n10_m01_seed123 
    1     3       1024          2       1020          0             0.5             0.5               2               0               2               0                    2                              2        1.5       -0.5         -0          ../data/KaGen-2/gnm_undirected_1024/n10_m01_seed123 
    1     4       1024          2       1020          0             0.5             0.5               2               0               2               0                    2                              2        1.5       -0.5         -0          ../data/KaGen-2/gnm_undirected_1024/n10_m01_seed123 
    1     5       1024          2       1020          0             0.5             0.5               2               0               2               0                    2                              2        1.5       -0.5         -0          ../data/KaGen-2/gnm_undirected_1024/n10_m01_seed123 
    1     6       1024          2       1020          0             0.5             0.5               2               0               2               0                    2                              2        1.5       -0.5         -0          ../data/KaGen-2/gnm_undirected_1024/n10_m01_seed123 
    1     7       1024          2       1020          0             0.5             0.5               2               0               2               0                    2                              2        1.5       -0.5         -0          ../data/KaGen-2/gnm_undirected_1024/n10_m01_seed123 
    1     8       1024          2       1020          0             0.5             0.5               2               0               2               0                    2                              2        1.5       -0.5         -0          ../data/KaGen-2/gnm_undirected_1024/n10_m01_seed123 
    1     9       1024          2       1020          0             0.5             0.5               2               0               2               0                    2                              2        1.5       -0.5         -0          ../data/KaGen-2/gnm_undirected_1024/n10_m01_seed123 
    1    10       1024          2       1020          0             0.5             0.5               2               0               2               0                    2                              2        1.5       -0.5         -0          ../data/KaGen-2/gnm_undirected_1024/n10_m01_seed123 
    2     1       1024          4       1016          0               1               1               4               0               4               0                    4                              4          3         -1         -0          ../data/KaGen-2/gnm_undirected_1024/n10_m02_seed123 
    2     2       1024          4       1016          0               1               1               4               0               4               0                    4                              4          3         -1         -0          ../data/KaGen-2/gnm_undirected_1024/n10_m02_seed123 
    2     3       1024          4       1016          0               1               1               4               0               4               0                    4                              4          3         -1         -0          ../data/KaGen-2/gnm_undirected_1024/n10_m02_seed123 
    2     4       1024          4       1016          0               1               1               4               0               4               0                    4                              4          3         -1         -0          ../data/KaGen-2/gnm_undirected_1024/n10_m02_seed123 
    2     5       1024          4       1016          0               1               1               4               0               4               0                    4                              4          3         -1         -0          ../data/KaGen-2/gnm_undirected_1024/n10_m02_seed123 
    2     6       1024          4       1016          0               1               1               4               0               4               0                    4                              4          3         -1         -0          ../data/KaGen-2/gnm_undirected_1024/n10_m02_seed123 
    2     7       1024          4       1016          0               1               1               4               0               4               0                    4                              4          3         -1         -0          ../data/KaGen-2/gnm_undirected_1024/n10_m02_seed123 
    2     8       1024          4       1016          0               1               1               4               0               4               0                    4                              4          3         -1         -0          ../data/KaGen-2/gnm_undirected_1024/n10_m02_seed123 
    2     9       1024          4       1016          0               1               1               4               0               4               0                    4                              4          3         -1         -0          ../data/KaGen-2/gnm_undirected_1024/n10_m02_seed123 
    2    10       1024          4       1016          0               1               1               4               0               4               0                    4                              4          3         -1         -0          ../data/KaGen-2/gnm_undirected_1024/n10_m02_seed123 
    3     1       1024          8       1009          0               2               2               8               0               8               0                    8                              8          6      -1.75       0.25          ../data/KaGen-2/gnm_undirected_1024/n10_m03_seed123 
    3     2       1024          8       1009          0               2               2               8               0               8               0                    8                              8          6      -1.75       0.25          ../data/KaGen-2/gnm_undirected_1024/n10_m03_seed123 
    3     3       1024          8       1009          0               2               2               8               0               8               0                    8                              8          6      -1.75       0.25          ../data/KaGen-2/gnm_undirected_1024/n10_m03_seed123 
    3     4       1024          8       1009          0               2               2               8               0               8               0                    8                              8          6      -1.75       0.25          ../data/KaGen-2/gnm_undirected_1024/n10_m03_seed123 
    3     5       1024          8       1009          0               2               2               8               0               8               0                    8                              8          6      -1.75       0.25          ../data/KaGen-2/gnm_undirected_1024/n10_m03_seed123 
    3     6       1024          8       1009          0               2               2               8               0               8               0                    8                              8          6      -1.75       0.25          ../data/KaGen-2/gnm_undirected_1024/n10_m03_seed123 
    3     7       1024          8       1009          0               2               2               8               0               8               0                    8                              8          6      -1.75       0.25          ../data/KaGen-2/gnm_undirected_1024/n10_m03_seed123 
    3     8       1024          8       1009          0               2               2               8               0               8               0                    8                              8          6      -1.75       0.25          ../data/KaGen-2/gnm_undirected_1024/n10_m03_seed123 
    3     9       1024          8       1009          0               2               2               8               0               8               0                    8                              8          6      -1.75       0.25          ../data/KaGen-2/gnm_undirected_1024/n10_m03_seed123 
    3    10       1024          8       1009          0               2               2               8               0               8               0                    8                              8          6      -1.75       0.25          ../data/KaGen-2/gnm_undirected_1024/n10_m03_seed123 
    4     1       1024         16        995          0               4               4              16               0              16               0                   16                             16         12      -3.25       0.75          ../data/KaGen-2/gnm_undirected_1024/n10_m04_seed123 
    4     2       1024         16        995          0               4               4              16               0              16               0                   16                             16         12      -3.25       0.75          ../data/KaGen-2/gnm_undirected_1024/n10_m04_seed123 
    4     3       1024         16        995          0               4               4              16               0              16               0                   16                             16         12      -3.25       0.75          ../data/KaGen-2/gnm_undirected_1024/n10_m04_seed123 
    4     4       1024         16        995          0               4               4              16               0              16               0                   16                             16         12      -3.25       0.75          ../data/KaGen-2/gnm_undirected_1024/n10_m04_seed123 
    4     5       1024         16        995          0               4               4              16               0              16               0                   16                             16         12      -3.25       0.75          ../data/KaGen-2/gnm_undirected_1024/n10_m04_seed123 
    4     6       1024         16        995          0               4               4              16               0              16               0                   16                             16         12      -3.25       0.75          ../data/KaGen-2/gnm_undirected_1024/n10_m04_seed123 
    4     7       1024         16        995          0               4               4              16               0              16               0                   16                             16         12      -3.25       0.75          ../data/KaGen-2/gnm_undirected_1024/n10_m04_seed123 
    4     8       1024         16        995          0               4               4              16               0              16               0                   16                             16         12      -3.25       0.75          ../data/KaGen-2/gnm_undirected_1024/n10_m04_seed123 
    4     9       1024         16        995          0               4               4              16               0              16               0                   16                             16         12      -3.25       0.75          ../data/KaGen-2/gnm_undirected_1024/n10_m04_seed123 
    4    10       1024         16        995          0               4               4              16               0              16               0                   16                             16         12      -3.25       0.75          ../data/KaGen-2/gnm_undirected_1024/n10_m04_seed123 
    5     1       1024         32        966          0               8               8              32               0              31               0                   32                             32         24       -6.5        1.5          ../data/KaGen-2/gnm_undirected_1024/n10_m05_seed123 
    5     2       1024         32        966          0               8               8              32               0              31               0                   32                             32         24       -6.5        1.5          ../data/KaGen-2/gnm_undirected_1024/n10_m05_seed123 
    5     3       1024         32        966          0               8               8              32               0              31               0                   32                             32         24       -6.5        1.5          ../data/KaGen-2/gnm_undirected_1024/n10_m05_seed123 
    5     4       1024         32        966          0               8               8              32               0              32               0                   32                             32         24       -6.5        1.5          ../data/KaGen-2/gnm_undirected_1024/n10_m05_seed123 
    5     5       1024         32        966          0               8               8              32               0              31               0                   32                             32         24       -6.5        1.5          ../data/KaGen-2/gnm_undirected_1024/n10_m05_seed123 
    5     6       1024         32        966          0               8               8              32               0              31               0                   32                             32         24       -6.5        1.5          ../data/KaGen-2/gnm_undirected_1024/n10_m05_seed123 
    5     7       1024         32        966          0               8               8              32               0              32               0                   32                             32         24       -6.5        1.5          ../data/KaGen-2/gnm_undirected_1024/n10_m05_seed123 
    5     8       1024         32        966          0               8               8              32               0              32               0                   32                             32         24       -6.5        1.5          ../data/KaGen-2/gnm_undirected_1024/n10_m05_seed123 
    5     9       1024         32        966          0               8               8              32               0              32               0                   32                             32         24       -6.5        1.5          ../data/KaGen-2/gnm_undirected_1024/n10_m05_seed123 
    5    10       1024         32        966          0               8               8              32               0              32               0                   32                             32         24       -6.5        1.5          ../data/KaGen-2/gnm_undirected_1024/n10_m05_seed123 
    6     1       1024         64        910          0              16              16              64               0              62               0                   64                             64         48      -12.5        3.5          ../data/KaGen-2/gnm_undirected_1024/n10_m06_seed123 
    6     2       1024         64        910          0              16              16              64               0              64               0                   64                             64         48      -12.5        3.5          ../data/KaGen-2/gnm_undirected_1024/n10_m06_seed123 
    6     3       1024         64        910          0              16              16              64               0              63               0                   64                             64         48      -12.5        3.5          ../data/KaGen-2/gnm_undirected_1024/n10_m06_seed123 
    6     4       1024         64        910          0              16              16              64               0              63               0                   64                             64         48      -12.5        3.5          ../data/KaGen-2/gnm_undirected_1024/n10_m06_seed123 
    6     5       1024         64        910          0              16              16              64               0              63               0                   64                             64         48      -12.5        3.5          ../data/KaGen-2/gnm_undirected_1024/n10_m06_seed123 
    6     6       1024         64        910          0              16              16              64               0              64               0                   64                             64         48      -12.5        3.5          ../data/KaGen-2/gnm_undirected_1024/n10_m06_seed123 
    6     7       1024         64        910          0              16              16              64               0              64               0                   64                             64         48      -12.5        3.5          ../data/KaGen-2/gnm_undirected_1024/n10_m06_seed123 
    6     8       1024         64        910          0              16              16              64               0              64               0                   64                             64         48      -12.5        3.5          ../data/KaGen-2/gnm_undirected_1024/n10_m06_seed123 
    6     9       1024         64        910          0              16              16              64               0              63               0                   64                             64         48      -12.5        3.5          ../data/KaGen-2/gnm_undirected_1024/n10_m06_seed123 
    6    10       1024         64        910          0              16              16              64               0              64               0                   64                             64         48      -12.5        3.5          ../data/KaGen-2/gnm_undirected_1024/n10_m06_seed123 
    7     1       1024        128        801          0              32              32             128               0             127               0                  128                            128         96     -23.75       8.25          ../data/KaGen-2/gnm_undirected_1024/n10_m07_seed123 
    7     2       1024        128        801          0              32              32             128               0             126               0                  128                            128         96     -23.75       8.25          ../data/KaGen-2/gnm_undirected_1024/n10_m07_seed123 
    7     3       1024        128        801          0              32              32             128               0             126               0                  128                            128         96     -23.75       8.25          ../data/KaGen-2/gnm_undirected_1024/n10_m07_seed123 
    7     4       1024        128        801          0              32              32             128               0             128               0                  128                            128         96     -23.75       8.25          ../data/KaGen-2/gnm_undirected_1024/n10_m07_seed123 
    7     5       1024        128        801          0              32              32             128               0             126               0                  128                            128         96     -23.75       8.25          ../data/KaGen-2/gnm_undirected_1024/n10_m07_seed123 
    7     6       1024        128        801          0              32              32             128               0             127               0                  128                            128         96     -23.75       8.25          ../data/KaGen-2/gnm_undirected_1024/n10_m07_seed123 
    7     7       1024        128        801          0              32              32             128               0             127               0                  128                            128         96     -23.75       8.25          ../data/KaGen-2/gnm_undirected_1024/n10_m07_seed123 
    7     8       1024        128        801          0              32              32             128               0             127               0                  128                            128         96     -23.75       8.25          ../data/KaGen-2/gnm_undirected_1024/n10_m07_seed123 
    7     9       1024        128        801          0              32              32             128               0             127               0                  128                            128         96     -23.75       8.25          ../data/KaGen-2/gnm_undirected_1024/n10_m07_seed123 
    7    10       1024        128        801          0              32              32             128               0             127               0                  128                            128         96     -23.75       8.25          ../data/KaGen-2/gnm_undirected_1024/n10_m07_seed123 
    8     1       1024        256        616          0              64              64             256               0             246               0                  256                            256        192        -38         26          ../data/KaGen-2/gnm_undirected_1024/n10_m08_seed123 
    8     2       1024        256        616          0              64              64             256               0             247               0                  256                            256        192        -38         26          ../data/KaGen-2/gnm_undirected_1024/n10_m08_seed123 
    8     3       1024        256        616          0              64              64             256               0             248               0                  256                            256        192        -38         26          ../data/KaGen-2/gnm_undirected_1024/n10_m08_seed123 
    8     4       1024        256        616          0              64              64             256               0             253               0                  256                            256        192        -38         26          ../data/KaGen-2/gnm_undirected_1024/n10_m08_seed123 
    8     5       1024        256        616          0              64              64             256               0             250               0                  256                            256        192        -38         26          ../data/KaGen-2/gnm_undirected_1024/n10_m08_seed123 
    8     6       1024        256        616          0              64              64             256               0             249               0                  256                            256        192        -38         26          ../data/KaGen-2/gnm_undirected_1024/n10_m08_seed123 
    8     7       1024        256        616          0              64              64             256               0             251               0                  256                            256        192        -38         26          ../data/KaGen-2/gnm_undirected_1024/n10_m08_seed123 
    8     8       1024        256        616          0              64              64             256               0             250               0                  256                            256        192        -38         26          ../data/KaGen-2/gnm_undirected_1024/n10_m08_seed123 
    8     9       1024        256        616          0              64              64             256               0             247               0                  256                            256        192        -38         26          ../data/KaGen-2/gnm_undirected_1024/n10_m08_seed123 
    8    10       1024        256        616          0              64              64             256               0             247               0                  256                            256        192        -38         26          ../data/KaGen-2/gnm_undirected_1024/n10_m08_seed123 
    9     1       1024        512        393          6          128.25          128.25             512               6             464               4                  510                            512     383.75        -27      95.25          ../data/KaGen-2/gnm_undirected_1024/n10_m09_seed123 
    9     2       1024        512        393          6          128.25          128.25             512               6             476               4                  510                            512     383.75        -27      95.25          ../data/KaGen-2/gnm_undirected_1024/n10_m09_seed123 
    9     3       1024        512        393          6          128.25          128.25             512               6             480               4                  510                            512     383.75        -27      95.25          ../data/KaGen-2/gnm_undirected_1024/n10_m09_seed123 
    9     4       1024        512        393          6          128.25          128.25             512               6             470               6                  512                            512     383.75        -27      95.25          ../data/KaGen-2/gnm_undirected_1024/n10_m09_seed123 
    9     5       1024        512        393          6          128.25          128.25             512               6             459               6                  512                            512     383.75        -27      95.25          ../data/KaGen-2/gnm_undirected_1024/n10_m09_seed123 
    9     6       1024        512        393          6          128.25          128.25             512               6             479               4                  510                            512     383.75        -27      95.25          ../data/KaGen-2/gnm_undirected_1024/n10_m09_seed123 
    9     7       1024        512        393          6          128.25          128.25             512               6             472               4                  510                            512     383.75        -27      95.25          ../data/KaGen-2/gnm_undirected_1024/n10_m09_seed123 
    9     8       1024        512        393          6          128.25          128.25             512               6             466               4                  510                            512     383.75        -27      95.25          ../data/KaGen-2/gnm_undirected_1024/n10_m09_seed123 
    9     9       1024        512        393          6          128.25          128.25             512               6             475               6                  512                            512     383.75        -27      95.25          ../data/KaGen-2/gnm_undirected_1024/n10_m09_seed123 
    9    10       1024        512        393          6          128.25          128.25             512               6             465               4                  510                            512     383.75        -27      95.25          ../data/KaGen-2/gnm_undirected_1024/n10_m09_seed123 
   10     1       1024       1024        595        622          247.75          250.75             975             578             867             489                  889                            978     727.25        419      91.75          ../data/KaGen-2/gnm_undirected_1024/n10_m10_seed123 
   10     2       1024       1024        595        622          247.75          250.75             975             578             867             494                  894                            978     727.25        419      91.75          ../data/KaGen-2/gnm_undirected_1024/n10_m10_seed123 
   10     3       1024       1024        595        622          249.75          250.75             977             578             867             498                  898                            978     727.25        419      91.75          ../data/KaGen-2/gnm_undirected_1024/n10_m10_seed123 
   10     4       1024       1024        595        622          247.75          250.75             975             578             862             505                  905                            978     727.25        419      91.75          ../data/KaGen-2/gnm_undirected_1024/n10_m10_seed123 
   10     5       1024       1024        595        622          247.75          250.75             975             578             858             502                  902                            978     727.25        419      91.75          ../data/KaGen-2/gnm_undirected_1024/n10_m10_seed123 
   10     6       1024       1024        595        622          249.75          249.75             977             577             874             489                  889                            977     727.25        419      91.75          ../data/KaGen-2/gnm_undirected_1024/n10_m10_seed123 
   10     7       1024       1024        595        622          247.75          250.75             975             578             865             512                  912                            978     727.25        419      91.75          ../data/KaGen-2/gnm_undirected_1024/n10_m10_seed123 
   10     8       1024       1024        595        622          249.75          250.75             977             578             849             501                  901                            978     727.25        419      91.75          ../data/KaGen-2/gnm_undirected_1024/n10_m10_seed123 
   10     9       1024       1024        595        622          248.75          249.75             976             577             862             496                  896                            977     727.25        419      91.75          ../data/KaGen-2/gnm_undirected_1024/n10_m10_seed123 
   10    10       1024       1024        595        622          245.75          250.75             973             578             870             510                  910                            978     727.25        419      91.75          ../data/KaGen-2/gnm_undirected_1024/n10_m10_seed123 
   11     1       1024       2048        941       1963           469.5           470.5            1746            1663            1560            1483                 1567                           1747     1276.5    1213.25      20.75          ../data/KaGen-2/gnm_undirected_1024/n10_m11_seed123 
   11     2       1024       2048        941       1963           467.5           470.5            1744            1663            1566            1512                 1596                           1747     1276.5    1213.25      20.75          ../data/KaGen-2/gnm_undirected_1024/n10_m11_seed123 
   11     3       1024       2048        941       1963           468.5           470.5            1745            1663            1565            1493                 1577                           1747     1276.5    1213.25      20.75          ../data/KaGen-2/gnm_undirected_1024/n10_m11_seed123 
   11     4       1024       2048        941       1963           469.5           468.5            1746            1661            1591            1501                 1585                           1745     1276.5    1213.25      20.75          ../data/KaGen-2/gnm_undirected_1024/n10_m11_seed123 
   11     5       1024       2048        941       1963           468.5           470.5            1745            1663            1563            1511                 1595                           1747     1276.5    1213.25      20.75          ../data/KaGen-2/gnm_undirected_1024/n10_m11_seed123 
   11     6       1024       2048        941       1963           471.5           470.5            1748            1663            1563            1487                 1571                           1747     1276.5    1213.25      20.75          ../data/KaGen-2/gnm_undirected_1024/n10_m11_seed123 
   11     7       1024       2048        941       1963           470.5           468.5            1747            1661            1561            1508                 1592                           1745     1276.5    1213.25      20.75          ../data/KaGen-2/gnm_undirected_1024/n10_m11_seed123 
   11     8       1024       2048        941       1963           469.5           468.5            1746            1661            1588            1487                 1571                           1745     1276.5    1213.25      20.75          ../data/KaGen-2/gnm_undirected_1024/n10_m11_seed123 
   11     9       1024       2048        941       1963           470.5           467.5            1747            1660            1574            1522                 1606                           1744     1276.5    1213.25      20.75          ../data/KaGen-2/gnm_undirected_1024/n10_m11_seed123 
   11    10       1024       2048        941       1963           468.5           469.5            1745            1662            1570            1525                 1609                           1746     1276.5    1213.25      20.75          ../data/KaGen-2/gnm_undirected_1024/n10_m11_seed123 
   12     1       1024       4096       1016       4088          801.25          804.25            3105            3100            2861            2860                 2868                           3108    2303.75    2297.75          2          ../data/KaGen-2/gnm_undirected_1024/n10_m12_seed123 
   12     2       1024       4096       1016       4088          802.25          801.25            3106            3097            2889            2858                 2866                           3105    2303.75    2297.75          2          ../data/KaGen-2/gnm_undirected_1024/n10_m12_seed123 
   12     3       1024       4096       1016       4088          800.25          801.25            3104            3097            2889            2925                 2933                           3105    2303.75    2297.75          2          ../data/KaGen-2/gnm_undirected_1024/n10_m12_seed123 
   12     4       1024       4096       1016       4088          800.25          802.25            3104            3098            2877            2892                 2900                           3106    2303.75    2297.75          2          ../data/KaGen-2/gnm_undirected_1024/n10_m12_seed123 
   12     5       1024       4096       1016       4088          801.25          803.25            3105            3099            2875            2819                 2827                           3107    2303.75    2297.75          2          ../data/KaGen-2/gnm_undirected_1024/n10_m12_seed123 
   12     6       1024       4096       1016       4088          800.25          801.25            3104            3097            2867            2874                 2882                           3105    2303.75    2297.75          2          ../data/KaGen-2/gnm_undirected_1024/n10_m12_seed123 
   12     7       1024       4096       1016       4088          801.25          803.25            3105            3099            2893            2865                 2873                           3107    2303.75    2297.75          2          ../data/KaGen-2/gnm_undirected_1024/n10_m12_seed123 
   12     8       1024       4096       1016       4088          803.25          800.25            3107            3096            2928            2905                 2913                           3104    2303.75    2297.75          2          ../data/KaGen-2/gnm_undirected_1024/n10_m12_seed123 
   12     9       1024       4096       1016       4088          803.25          801.25            3107            3097            2925            2854                 2862                           3105    2303.75    2297.75          2          ../data/KaGen-2/gnm_undirected_1024/n10_m12_seed123 
   12    10       1024       4096       1016       4088          804.25          802.25            3108            3098            2862            2867                 2875                           3106    2303.75    2297.75          2          ../data/KaGen-2/gnm_undirected_1024/n10_m12_seed123 
   13     1       1024       8192       1024       8192         1265.25         1265.25            5617            5617            5341            5380                 5380                           5617    4351.75    4351.75         -0          ../data/KaGen-2/gnm_undirected_1024/n10_m13_seed123 
   13     2       1024       8192       1024       8192         1263.25         1259.25            5615            5611            5334            5397                 5397                           5611    4351.75    4351.75         -0          ../data/KaGen-2/gnm_undirected_1024/n10_m13_seed123 
   13     3       1024       8192       1024       8192         1258.25         1257.25            5610            5609            5357            5393                 5393                           5609    4351.75    4351.75         -0          ../data/KaGen-2/gnm_undirected_1024/n10_m13_seed123 
   13     4       1024       8192       1024       8192         1261.25         1264.25            5613            5616            5392            5354                 5354                           5616    4351.75    4351.75         -0          ../data/KaGen-2/gnm_undirected_1024/n10_m13_seed123 
   13     5       1024       8192       1024       8192         1260.25         1260.25            5612            5612            5348            5338                 5338                           5612    4351.75    4351.75         -0          ../data/KaGen-2/gnm_undirected_1024/n10_m13_seed123 
   13     6       1024       8192       1024       8192         1261.25         1258.25            5613            5610            5359            5336                 5336                           5610    4351.75    4351.75         -0          ../data/KaGen-2/gnm_undirected_1024/n10_m13_seed123 
   13     7       1024       8192       1024       8192         1262.25         1261.25            5614            5613            5318            5373                 5373                           5613    4351.75    4351.75         -0          ../data/KaGen-2/gnm_undirected_1024/n10_m13_seed123 
   13     8       1024       8192       1024       8192         1263.25         1260.25            5615            5612            5437            5396                 5396                           5612    4351.75    4351.75         -0          ../data/KaGen-2/gnm_undirected_1024/n10_m13_seed123 
   13     9       1024       8192       1024       8192         1261.25         1260.25            5613            5612            5394            5330                 5330                           5612    4351.75    4351.75         -0          ../data/KaGen-2/gnm_undirected_1024/n10_m13_seed123 
   13    10       1024       8192       1024       8192         1260.25         1262.25            5612            5614            5357            5333                 5333                           5614    4351.75    4351.75         -0          ../data/KaGen-2/gnm_undirected_1024/n10_m13_seed123 
