 #sec   #it    #|V(G)|    #|E(G)|   #|V(Gk)|   #|E(Gk)|       #LOW_B(k)      #LOW_B(kk)       #MQLIB(G)      #MQLIB(Gk)   #locsearch(G)  #locsearch(Gk)   #locsearch_ext(Gk)   #locsearch_ext+MQLIB_OFF(Gk)     #EE(G)    #EE(Gk)       #+kk                                                        #file 
    1    -1       1024       7961       1024       7961          739.35          737.55            4975            4973            4771            4775               4775.2                         4973.8    4236.25    4236.25          0                              ../data/KaGen-2/rdg_3d_1024/k01 
    2    -1       1024       7961       1024       7961          742.95          743.35            4979            4979            4786            4762               4762.8                         4979.6    4236.25    4236.25          0                              ../data/KaGen-2/rdg_3d_1024/k02 
    3    -1       1024       7956       1024       7956          742.65          741.65            4976            4975            4764            4767                 4767                         4975.4    4233.75    4233.75          0                              ../data/KaGen-2/rdg_3d_1024/k03 
    4    -1       1024       7964       1024       7964          748.45          745.05            4986            4982            4766            4778               4778.2                         4982.8    4237.75    4237.75          0                              ../data/KaGen-2/rdg_3d_1024/k04 
    5    -1       1024       8005       1024       8005          749.95          750.35            5008            5008            4800            4806               4806.4                         5008.6    4258.25    4258.25          0                              ../data/KaGen-2/rdg_3d_1024/k05 
    6    -1       1024       7952       1024       7952          745.65          743.65            4977            4975            4763            4758                 4758                         4975.4    4231.75    4231.75          0                              ../data/KaGen-2/rdg_3d_1024/k06 
    7    -1       1024       7959       1024       7959          746.55          745.15            4981            4980            4771            4781               4781.4                         4980.4    4235.25    4235.25          0                              ../data/KaGen-2/rdg_3d_1024/k07 
    8    -1       1024       7950       1024       7950          739.65          738.05            4970            4968            4768            4767               4767.2                         4968.8    4230.75    4230.75          0                              ../data/KaGen-2/rdg_3d_1024/k08 
    9    -1       1024       7965       1024       7965          741.95          741.35            4980            4979            4784            4774               4774.8                         4979.6    4238.25    4238.25          0                              ../data/KaGen-2/rdg_3d_1024/k09 
   10    -1       1024       7969       1024       7969          743.75          746.55            4984            4986            4774            4777               4777.6                         4986.8    4240.25    4240.25          0                              ../data/KaGen-2/rdg_3d_1024/k10 
