 #sec   #it    #|V(G)|    #|E(G)|   #|V(Gk)|   #|E(Gk)|       #LOW_B(k)      #LOW_B(kk)       #MQLIB(G)      #MQLIB(Gk)   #locsearch(G)  #locsearch(Gk)   #locsearch_ext(Gk)   #locsearch_ext+MQLIB_OFF(Gk)     #EE(G)    #EE(Gk)       #+kk                                                        #file 
    1     1       1024       7961       1024       7961          742.75          737.75            4979            4974            4748            4759                 4759                           4974    4236.25    4236.25         -0                              ../data/KaGen-2/rdg_3d_1024/k01 
    1     2       1024       7961       1024       7961          736.75          736.75            4973            4973            4770            4796                 4796                           4973    4236.25    4236.25         -0                              ../data/KaGen-2/rdg_3d_1024/k01 
    1     3       1024       7961       1024       7961          738.75          735.75            4975            4972            4777            4781                 4781                           4972    4236.25    4236.25         -0                              ../data/KaGen-2/rdg_3d_1024/k01 
    1     4       1024       7961       1024       7961          739.75          737.75            4976            4974            4784            4768                 4768                           4974    4236.25    4236.25         -0                              ../data/KaGen-2/rdg_3d_1024/k01 
    1     5       1024       7961       1024       7961          738.75          739.75            4975            4976            4780            4772                 4772                           4976    4236.25    4236.25         -0                              ../data/KaGen-2/rdg_3d_1024/k01 
    2     1       1024       7961       1024       7961          744.75          742.75            4981            4979            4763            4762                 4762                           4979    4236.25    4236.25         -0                              ../data/KaGen-2/rdg_3d_1024/k02 
    2     2       1024       7961       1024       7961          743.75          744.75            4980            4981            4803            4769                 4769                           4981    4236.25    4236.25         -0                              ../data/KaGen-2/rdg_3d_1024/k02 
    2     3       1024       7961       1024       7961          743.75          744.75            4980            4981            4786            4768                 4768                           4981    4236.25    4236.25         -0                              ../data/KaGen-2/rdg_3d_1024/k02 
    2     4       1024       7961       1024       7961          742.75          739.75            4979            4976            4781            4752                 4752                           4976    4236.25    4236.25         -0                              ../data/KaGen-2/rdg_3d_1024/k02 
    2     5       1024       7961       1024       7961          739.75          744.75            4976            4981            4799            4763                 4763                           4981    4236.25    4236.25         -0                              ../data/KaGen-2/rdg_3d_1024/k02 
    3     1       1024       7956       1024       7956          743.25          737.25            4977            4971            4771            4758                 4758                           4971    4233.75    4233.75         -0                              ../data/KaGen-2/rdg_3d_1024/k03 
    3     2       1024       7956       1024       7956          740.25          744.25            4974            4978            4748            4774                 4774                           4978    4233.75    4233.75         -0                              ../data/KaGen-2/rdg_3d_1024/k03 
    3     3       1024       7956       1024       7956          738.25          744.25            4972            4978            4777            4751                 4751                           4978    4233.75    4233.75         -0                              ../data/KaGen-2/rdg_3d_1024/k03 
    3     4       1024       7956       1024       7956          744.25          742.25            4978            4976            4755            4789                 4789                           4976    4233.75    4233.75         -0                              ../data/KaGen-2/rdg_3d_1024/k03 
    3     5       1024       7956       1024       7956          747.25          740.25            4981            4974            4773            4763                 4763                           4974    4233.75    4233.75         -0                              ../data/KaGen-2/rdg_3d_1024/k03 
    4     1       1024       7964       1024       7964          748.25          746.25            4986            4984            4799            4766                 4766                           4984    4237.75    4237.75         -0                              ../data/KaGen-2/rdg_3d_1024/k04 
    4     2       1024       7964       1024       7964          752.25          748.25            4990            4986            4777            4748                 4748                           4986    4237.75    4237.75         -0                              ../data/KaGen-2/rdg_3d_1024/k04 
    4     3       1024       7964       1024       7964          750.25          744.25            4988            4982            4755            4797                 4797                           4982    4237.75    4237.75         -0                              ../data/KaGen-2/rdg_3d_1024/k04 
    4     4       1024       7964       1024       7964          743.25          746.25            4981            4984            4775            4804                 4804                           4984    4237.75    4237.75         -0                              ../data/KaGen-2/rdg_3d_1024/k04 
    4     5       1024       7964       1024       7964          748.25          740.25            4986            4978            4727            4776                 4776                           4978    4237.75    4237.75         -0                              ../data/KaGen-2/rdg_3d_1024/k04 
    5     1       1024       8005       1024       8005          750.75          751.75            5009            5010            4794            4818                 4818                           5010    4258.25    4258.25         -0                              ../data/KaGen-2/rdg_3d_1024/k05 
    5     2       1024       8005       1024       8005          751.75          749.75            5010            5008            4788            4781                 4781                           5008    4258.25    4258.25         -0                              ../data/KaGen-2/rdg_3d_1024/k05 
    5     3       1024       8005       1024       8005          748.75          750.75            5007            5009            4821            4810                 4810                           5009    4258.25    4258.25         -0                              ../data/KaGen-2/rdg_3d_1024/k05 
    5     4       1024       8005       1024       8005          747.75          748.75            5006            5007            4780            4821                 4821                           5007    4258.25    4258.25         -0                              ../data/KaGen-2/rdg_3d_1024/k05 
    5     5       1024       8005       1024       8005          750.75          750.75            5009            5009            4817            4802                 4802                           5009    4258.25    4258.25         -0                              ../data/KaGen-2/rdg_3d_1024/k05 
    6     1       1024       7952       1024       7952          748.25          745.25            4980            4977            4765            4790                 4790                           4977    4231.75    4231.75         -0                              ../data/KaGen-2/rdg_3d_1024/k06 
    6     2       1024       7952       1024       7952          751.25          743.25            4983            4975            4740            4735                 4735                           4975    4231.75    4231.75         -0                              ../data/KaGen-2/rdg_3d_1024/k06 
    6     3       1024       7952       1024       7952          740.25          742.25            4972            4974            4763            4743                 4743                           4974    4231.75    4231.75         -0                              ../data/KaGen-2/rdg_3d_1024/k06 
    6     4       1024       7952       1024       7952          741.25          745.25            4973            4977            4785            4758                 4758                           4977    4231.75    4231.75         -0                              ../data/KaGen-2/rdg_3d_1024/k06 
    6     5       1024       7952       1024       7952          747.25          742.25            4979            4974            4762            4764                 4764                           4974    4231.75    4231.75         -0                              ../data/KaGen-2/rdg_3d_1024/k06 
    7     1       1024       7959       1024       7959          750.75          749.75            4986            4985            4763            4768                 4768                           4985    4235.25    4235.25         -0                              ../data/KaGen-2/rdg_3d_1024/k07 
    7     2       1024       7959       1024       7959          738.75          743.75            4974            4979            4786            4771                 4771                           4979    4235.25    4235.25         -0                              ../data/KaGen-2/rdg_3d_1024/k07 
    7     3       1024       7959       1024       7959          751.75          744.75            4987            4980            4768            4801                 4801                           4980    4235.25    4235.25         -0                              ../data/KaGen-2/rdg_3d_1024/k07 
    7     4       1024       7959       1024       7959          754.75          740.75            4990            4976            4770            4767                 4767                           4976    4235.25    4235.25         -0                              ../data/KaGen-2/rdg_3d_1024/k07 
    7     5       1024       7959       1024       7959          736.75          746.75            4972            4982            4771            4800                 4800                           4982    4235.25    4235.25         -0                              ../data/KaGen-2/rdg_3d_1024/k07 
    8     1       1024       7950       1024       7950          741.25          736.25            4972            4967            4771            4773                 4773                           4967    4230.75    4230.75         -0                              ../data/KaGen-2/rdg_3d_1024/k08 
    8     2       1024       7950       1024       7950          741.25          736.25            4972            4967            4778            4742                 4742                           4967    4230.75    4230.75         -0                              ../data/KaGen-2/rdg_3d_1024/k08 
    8     3       1024       7950       1024       7950          739.25          738.25            4970            4969            4776            4782                 4782                           4969    4230.75    4230.75         -0                              ../data/KaGen-2/rdg_3d_1024/k08 
    8     4       1024       7950       1024       7950          737.25          737.25            4968            4968            4779            4770                 4770                           4968    4230.75    4230.75         -0                              ../data/KaGen-2/rdg_3d_1024/k08 
    8     5       1024       7950       1024       7950          739.25          742.25            4970            4973            4737            4769                 4769                           4973    4230.75    4230.75         -0                              ../data/KaGen-2/rdg_3d_1024/k08 
    9     1       1024       7965       1024       7965          743.75          737.75            4982            4976            4775            4814                 4814                           4976    4238.25    4238.25         -0                              ../data/KaGen-2/rdg_3d_1024/k09 
    9     2       1024       7965       1024       7965          742.75          741.75            4981            4980            4779            4750                 4750                           4980    4238.25    4238.25         -0                              ../data/KaGen-2/rdg_3d_1024/k09 
    9     3       1024       7965       1024       7965          742.75          743.75            4981            4982            4797            4767                 4767                           4982    4238.25    4238.25         -0                              ../data/KaGen-2/rdg_3d_1024/k09 
    9     4       1024       7965       1024       7965          736.75          739.75            4975            4978            4789            4770                 4770                           4978    4238.25    4238.25         -0                              ../data/KaGen-2/rdg_3d_1024/k09 
    9     5       1024       7965       1024       7965          743.75          743.75            4982            4982            4784            4773                 4773                           4982    4238.25    4238.25         -0                              ../data/KaGen-2/rdg_3d_1024/k09 
   10     1       1024       7969       1024       7969          745.75          754.75            4986            4995            4770            4792                 4792                           4995    4240.25    4240.25         -0                              ../data/KaGen-2/rdg_3d_1024/k10 
   10     2       1024       7969       1024       7969          744.75          739.75            4985            4980            4757            4800                 4800                           4980    4240.25    4240.25         -0                              ../data/KaGen-2/rdg_3d_1024/k10 
   10     3       1024       7969       1024       7969          745.75          746.75            4986            4987            4786            4762                 4762                           4987    4240.25    4240.25         -0                              ../data/KaGen-2/rdg_3d_1024/k10 
   10     4       1024       7969       1024       7969          738.75          745.75            4979            4986            4776            4785                 4785                           4986    4240.25    4240.25         -0                              ../data/KaGen-2/rdg_3d_1024/k10 
   10     5       1024       7969       1024       7969          743.75          745.75            4984            4986            4781            4749                 4749                           4986    4240.25    4240.25         -0                              ../data/KaGen-2/rdg_3d_1024/k10 
