 #sec   #it    #|V(G)|    #|E(G)|   #|V(Gk)|   #|E(Gk)|       #LOW_B(k)      #LOW_B(kk)       #MQLIB(G)      #MQLIB(Gk)   #locsearch(G)  #locsearch(Gk)   #locsearch_ext(Gk)   #locsearch_ext+MQLIB_OFF(Gk)     #EE(G)    #EE(Gk)       #+kk                                                        #file 
    1     1       1024       2395        984       2299          315.75          311.75            1769            1697            1647            1612                 1680                           1765    1453.25    1395.25         10                              ../data/KaGen-2/rdg_2d_1024/k01 
    1     2       1024       2395        984       2299          312.75          313.75            1766            1699            1658            1597                 1665                           1767    1453.25    1395.25         10                              ../data/KaGen-2/rdg_2d_1024/k01 
    1     3       1024       2395        984       2299          314.75          313.75            1768            1699            1667            1589                 1657                           1767    1453.25    1395.25         10                              ../data/KaGen-2/rdg_2d_1024/k01 
    1     4       1024       2395        984       2299          312.75          313.75            1766            1699            1671            1598                 1666                           1767    1453.25    1395.25         10                              ../data/KaGen-2/rdg_2d_1024/k01 
    1     5       1024       2395        984       2299          312.75          312.75            1766            1698            1656            1590                 1658                           1766    1453.25    1395.25         10                              ../data/KaGen-2/rdg_2d_1024/k01 
    2     1       1024       2392        965       2239          328.25          327.25            1780            1673            1653            1556                 1662                           1779    1451.75     1360.5      14.75                              ../data/KaGen-2/rdg_2d_1024/k02 
    2     2       1024       2392        965       2239          327.25          329.25            1779            1675            1677            1572                 1678                           1781    1451.75     1360.5      14.75                              ../data/KaGen-2/rdg_2d_1024/k02 
    2     3       1024       2392        965       2239          330.25          326.25            1782            1672            1674            1575                 1681                           1778    1451.75     1360.5      14.75                              ../data/KaGen-2/rdg_2d_1024/k02 
    2     4       1024       2392        965       2239          329.25          326.25            1781            1672            1642            1562                 1668                           1778    1451.75     1360.5      14.75                              ../data/KaGen-2/rdg_2d_1024/k02 
    2     5       1024       2392        965       2239          329.25          329.25            1781            1675            1641            1569                 1675                           1781    1451.75     1360.5      14.75                              ../data/KaGen-2/rdg_2d_1024/k02 
    3     1       1024       2373        949       2176          317.75          318.75            1760            1625            1652            1522                 1658                           1761    1442.25       1325      18.75                              ../data/KaGen-2/rdg_2d_1024/k03 
    3     2       1024       2373        949       2176          314.75          318.75            1757            1625            1647            1540                 1676                           1761    1442.25       1325      18.75                              ../data/KaGen-2/rdg_2d_1024/k03 
    3     3       1024       2373        949       2176          315.75          318.75            1758            1625            1643            1524                 1660                           1761    1442.25       1325      18.75                              ../data/KaGen-2/rdg_2d_1024/k03 
    3     4       1024       2373        949       2176          318.75          315.75            1761            1622            1653            1510                 1646                           1758    1442.25       1325      18.75                              ../data/KaGen-2/rdg_2d_1024/k03 
    3     5       1024       2373        949       2176          315.75          317.75            1758            1624            1641            1534                 1670                           1760    1442.25       1325      18.75                              ../data/KaGen-2/rdg_2d_1024/k03 
    4     1       1024       2362        975       2239          318.25          320.25            1755            1671            1661            1562                 1648                           1757    1436.75       1363      12.25                              ../data/KaGen-2/rdg_2d_1024/k04 
    4     2       1024       2362        975       2239          319.25          320.25            1756            1671            1660            1554                 1640                           1757    1436.75       1363      12.25                              ../data/KaGen-2/rdg_2d_1024/k04 
    4     3       1024       2362        975       2239          318.25          319.25            1755            1670            1640            1563                 1649                           1756    1436.75       1363      12.25                              ../data/KaGen-2/rdg_2d_1024/k04 
    4     4       1024       2362        975       2239          319.25          320.25            1756            1671            1647            1563                 1649                           1757    1436.75       1363      12.25                              ../data/KaGen-2/rdg_2d_1024/k04 
    4     5       1024       2362        975       2239          319.25          320.25            1756            1671            1650            1556                 1642                           1757    1436.75       1363      12.25                              ../data/KaGen-2/rdg_2d_1024/k04 
    5     1       1024       2372        957       2207          315.25          314.25            1757            1640            1640            1542                 1658                           1756    1441.75     1342.5      16.75                              ../data/KaGen-2/rdg_2d_1024/k05 
    5     2       1024       2372        957       2207          314.25          315.25            1756            1641            1641            1536                 1652                           1757    1441.75     1342.5      16.75                              ../data/KaGen-2/rdg_2d_1024/k05 
    5     3       1024       2372        957       2207          314.25          316.25            1756            1642            1656            1526                 1642                           1758    1441.75     1342.5      16.75                              ../data/KaGen-2/rdg_2d_1024/k05 
    5     4       1024       2372        957       2207          313.25          316.25            1755            1642            1643            1546                 1662                           1758    1441.75     1342.5      16.75                              ../data/KaGen-2/rdg_2d_1024/k05 
    5     5       1024       2372        957       2207          314.25          316.25            1756            1642            1651            1540                 1656                           1758    1441.75     1342.5      16.75                              ../data/KaGen-2/rdg_2d_1024/k05 
    6     1       1024       2368        982       2274          324.25          328.25            1764            1700            1655            1587                 1655                           1768    1439.75    1382.25       10.5                              ../data/KaGen-2/rdg_2d_1024/k06 
    6     2       1024       2368        982       2274          325.25          328.25            1765            1700            1652            1598                 1666                           1768    1439.75    1382.25       10.5                              ../data/KaGen-2/rdg_2d_1024/k06 
    6     3       1024       2368        982       2274          326.25          328.25            1766            1700            1661            1575                 1643                           1768    1439.75    1382.25       10.5                              ../data/KaGen-2/rdg_2d_1024/k06 
    6     4       1024       2368        982       2274          325.25          326.25            1765            1698            1642            1573                 1641                           1766    1439.75    1382.25       10.5                              ../data/KaGen-2/rdg_2d_1024/k06 
    6     5       1024       2368        982       2274          327.25          327.25            1767            1699            1653            1580                 1648                           1767    1439.75    1382.25       10.5                              ../data/KaGen-2/rdg_2d_1024/k06 
    7     1       1024       2382        977       2263          325.25          325.25            1772            1689            1653            1595                 1678                           1772    1446.75     1375.5      11.75                              ../data/KaGen-2/rdg_2d_1024/k07 
    7     2       1024       2382        977       2263          324.25          324.25            1771            1688            1689            1574                 1657                           1771    1446.75     1375.5      11.75                              ../data/KaGen-2/rdg_2d_1024/k07 
    7     3       1024       2382        977       2263          323.25          324.25            1770            1688            1658            1561                 1644                           1771    1446.75     1375.5      11.75                              ../data/KaGen-2/rdg_2d_1024/k07 
    7     4       1024       2382        977       2263          325.25          324.25            1772            1688            1668            1561                 1644                           1771    1446.75     1375.5      11.75                              ../data/KaGen-2/rdg_2d_1024/k07 
    7     5       1024       2382        977       2263          325.25          324.25            1772            1688            1645            1598                 1681                           1771    1446.75     1375.5      11.75                              ../data/KaGen-2/rdg_2d_1024/k07 
    8     1       1024       2360        956       2185          326.25          325.25            1762            1640            1615            1543                 1664                           1761    1435.75    1331.25       16.5                              ../data/KaGen-2/rdg_2d_1024/k08 
    8     2       1024       2360        956       2185          326.25          325.25            1762            1640            1649            1547                 1668                           1761    1435.75    1331.25       16.5                              ../data/KaGen-2/rdg_2d_1024/k08 
    8     3       1024       2360        956       2185          327.25          325.25            1763            1640            1646            1533                 1654                           1761    1435.75    1331.25       16.5                              ../data/KaGen-2/rdg_2d_1024/k08 
    8     4       1024       2360        956       2185          327.25          326.25            1763            1641            1645            1528                 1649                           1762    1435.75    1331.25       16.5                              ../data/KaGen-2/rdg_2d_1024/k08 
    8     5       1024       2360        956       2185          325.25          328.25            1761            1643            1639            1531                 1652                           1764    1435.75    1331.25       16.5                              ../data/KaGen-2/rdg_2d_1024/k08 
    9     1       1024       2420        961       2267          328.25          326.25            1794            1684            1680            1575                 1683                           1792    1465.75     1373.5      15.75                              ../data/KaGen-2/rdg_2d_1024/k09 
    9     2       1024       2420        961       2267          325.25          325.25            1791            1683            1694            1566                 1674                           1791    1465.75     1373.5      15.75                              ../data/KaGen-2/rdg_2d_1024/k09 
    9     3       1024       2420        961       2267          325.25          325.25            1791            1683            1673            1571                 1679                           1791    1465.75     1373.5      15.75                              ../data/KaGen-2/rdg_2d_1024/k09 
    9     4       1024       2420        961       2267          325.25          327.25            1791            1685            1673            1575                 1683                           1793    1465.75     1373.5      15.75                              ../data/KaGen-2/rdg_2d_1024/k09 
    9     5       1024       2420        961       2267          323.25          324.25            1789            1682            1667            1581                 1689                           1790    1465.75     1373.5      15.75                              ../data/KaGen-2/rdg_2d_1024/k09 
   10     1       1024       2418        981       2318          325.25          327.25            1790            1721            1656            1602                 1673                           1792    1464.75       1404      10.25                              ../data/KaGen-2/rdg_2d_1024/k10 
   10     2       1024       2418        981       2318          326.25          326.25            1791            1720            1662            1610                 1681                           1791    1464.75       1404      10.25                              ../data/KaGen-2/rdg_2d_1024/k10 
   10     3       1024       2418        981       2318          326.25          327.25            1791            1721            1677            1592                 1663                           1792    1464.75       1404      10.25                              ../data/KaGen-2/rdg_2d_1024/k10 
   10     4       1024       2418        981       2318          326.25          327.25            1791            1721            1688            1612                 1683                           1792    1464.75       1404      10.25                              ../data/KaGen-2/rdg_2d_1024/k10 
   10     5       1024       2418        981       2318          328.25          328.25            1793            1722            1668            1612                 1683                           1793    1464.75       1404      10.25                              ../data/KaGen-2/rdg_2d_1024/k10 
