 #sec   #it    #|V(G)|    #|E(G)|   #|V(Gk)|   #|E(Gk)|       #LOW_B(k)      #LOW_B(kk)       #MQLIB(G)      #MQLIB(Gk)   #locsearch(G)  #locsearch(Gk)   #locsearch_ext(Gk)   #locsearch_ext+MQLIB_OFF(Gk)     #EE(G)    #EE(Gk)       #+kk                                                        #file 
    1    -1       1024       2395        984       2299          313.75          313.15            1767            1698            1659            1597               1665.2                         1766.4    1453.25    1395.25         10                              ../data/KaGen-2/rdg_2d_1024/k01 
    2    -1       1024       2392        965       2239          328.85          327.65            1780            1673            1657            1566               1672.8                         1779.4    1451.75     1360.5      14.75                              ../data/KaGen-2/rdg_2d_1024/k02 
    3    -1       1024       2373        949       2176          316.55          317.95            1758            1624            1647            1526                 1662                         1760.2    1442.25       1325      18.75                              ../data/KaGen-2/rdg_2d_1024/k03 
    4    -1       1024       2362        975       2239          318.85          320.05            1755            1670            1651            1559               1645.6                         1756.8    1436.75       1363      12.25                              ../data/KaGen-2/rdg_2d_1024/k04 
    5    -1       1024       2372        957       2207          314.25          315.65            1756            1641            1646            1538                 1654                         1757.4    1441.75     1342.5      16.75                              ../data/KaGen-2/rdg_2d_1024/k05 
    6    -1       1024       2368        982       2274          325.65          327.65            1765            1699            1652            1582               1650.6                         1767.4    1439.75    1382.25       10.5                              ../data/KaGen-2/rdg_2d_1024/k06 
    7    -1       1024       2382        977       2263          324.65          324.45            1771            1688            1662            1577               1660.8                         1771.2    1446.75     1375.5      11.75                              ../data/KaGen-2/rdg_2d_1024/k07 
    8    -1       1024       2360        956       2185          326.45          326.05            1762            1640            1638            1536               1657.4                         1761.8    1435.75    1331.25       16.5                              ../data/KaGen-2/rdg_2d_1024/k08 
    9    -1       1024       2420        961       2267          325.45          325.65            1791            1683            1677            1573               1681.6                         1791.4    1465.75     1373.5      15.75                              ../data/KaGen-2/rdg_2d_1024/k09 
   10    -1       1024       2418        981       2318          326.45          327.25            1791            1721            1670            1605               1676.6                           1792    1464.75       1404      10.25                              ../data/KaGen-2/rdg_2d_1024/k10 
